#  Table /Users/hypatia/Documents/IMAGES_Kinematics/3D_HST/Imagery/Galfit/3D_U3_8493_temp.fits[1]  Fri 13:04:33 08-May-2015

# row     SMA     INTENS    INT_ERR  ELLIP ELLIP_ERR      PA  PA_ERR      X0      Y0      TFLUX_C  TMAG_E NPIX_E
#       pixel                                        degrees degrees   pixel   pixel                            

    1    1.00       2.31      0.069 0.3350    0.0695   44.50    7.40  253.00  252.00       11.811    25.3      1
    2    2.00       1.82     0.0829 0.2713    0.0138   32.43    1.74  253.00  252.00       26.579    23.1      9
    3    3.00       1.36     0.0563 0.2866    0.0155   25.99    1.85  253.00  252.00       47.881    22.4     21
    4    4.00         1.     0.0281 0.3124    0.0152   24.13    1.70  253.00  252.00       66.305    22.1     33
    5    5.00      0.781     0.0201 0.3347    0.0094   22.40    0.97  253.00  252.00       87.248    21.7     53
    6    6.00      0.581     0.0143 0.3236    0.0099   20.88    1.07  253.00  252.00       102.27    21.5     79
    7    7.00      0.428    0.00839 0.3114    0.0112   19.52    1.24  253.00  252.00       114.58    21.4    105
    8    8.00       0.33    0.00549 0.3140    0.0104   20.93    1.13  253.00  252.00       127.34    21.2    137
    9    9.00      0.262    0.00399 0.3184    0.0090   22.14    0.97  253.00  252.00       138.97    21.1    175
   10   10.00      0.204    0.00338 0.2952    0.0100   21.84    1.14  253.00  252.00       149.27     21.    221
   11   11.00      0.159     0.0031 0.2583    0.0111   16.87    1.43  253.00  252.00       156.82     21.    283
   12   12.00      0.127    0.00238 0.2455    0.0096   13.01    1.29  253.00  252.00       163.16    20.9    341
   13   13.00     0.0963    0.00172 0.2187    0.0074   10.27    1.10  253.00  252.00       169.78    20.8    413
   14   14.00     0.0715    0.00118 0.1955    0.0064    7.73    1.05  253.00  252.00       174.56    20.8    497
   15   15.00     0.0545    9.09E-4 0.1877    0.0076    5.40    1.29  253.00  252.00       178.61    20.8    571
   16   16.00     0.0437    6.90E-4 0.1939    0.0097    5.13    1.59  253.00  252.00        181.6    20.7    637
   17   17.00     0.0368    5.07E-4 0.2031    0.0094    8.18    1.48  253.00  252.00       184.54    20.7    723
   18   18.00     0.0308    5.47E-4 0.2116    0.0115    9.61    1.75  253.00  252.00       187.07    20.7    801
   19   19.00     0.0241    5.02E-4 0.2020    0.0135    7.57    2.13  253.00  252.00       189.34    20.7    901
   20   20.00      0.019    5.04E-4 0.1765    0.0192   -0.36    3.44  253.00  252.00       191.41    20.7   1031
   21   21.00     0.0137    4.74E-4 0.1055    0.0410   -4.17   11.80  253.00  252.00       192.89    20.7   1229
   22   22.00     0.0114    4.37E-4 0.0843    0.0397   11.50   14.08  253.00  252.00       194.41    20.6   1393
   23   23.00     0.0103    4.35E-4 0.0843    0.0372  -15.84   13.21  253.00  252.00        195.7    20.6   1521
   24   24.00     0.0103    4.05E-4 0.1391    0.0262   -4.64    5.83  253.00  252.00       196.82    20.6   1555
   25   25.00    0.00835    3.45E-4 0.1391    0.0372   -4.64    8.22  253.00  252.00       198.13    20.6   1689
   26   26.00    0.00781    3.47E-4 0.1735    0.0407  -12.85    7.38  253.00  252.00       199.14    20.6   1757
   27   27.00    0.00622    3.31E-4 0.1167    0.0417   -5.87   10.87  253.00  252.00       200.06    20.6   2013
   28   28.00    0.00568    3.22E-4 0.1167    0.0549   -5.87   14.32  253.00  252.00       200.84    20.6   2167
   29   29.00    0.00467    2.88E-4 0.1167    0.0931    7.28   24.28  253.00  252.00       201.62    20.6   2333
   30   30.00    0.00459    2.86E-4 0.1454    0.0501    0.03   10.66  253.00  252.00       202.36    20.6   2419
   31   31.00    0.00386    2.59E-4 0.0805    0.0456  -25.73   16.87  253.00  252.00        202.9    20.6   2769
   32   32.00    0.00253    2.56E-4 0.0364     -999   25.74   -999  253.00  252.00       203.38    20.6   3097
   33   33.00    0.00179    2.69E-4 0.0364     -999   25.74   -999  253.00  252.00       203.81    20.6   3295
   34   34.00    0.00237    2.69E-4 0.0364     -999   25.74   -999  253.00  252.00       204.42    20.6   3491
   35   35.00    0.00265    2.65E-4 0.0364     -999   25.74   -999  253.00  252.00       205.01    20.6   3703
   36   36.00    0.00237    2.46E-4 0.0364     -999   25.74   -999  253.00  252.00       205.41    20.6   3919
   37   37.00    0.00156    2.44E-4 0.0364     -999   25.74   -999  253.00  252.00       205.84    20.6   4137
   38   38.00    0.00115    2.13E-4 0.0364     -999   25.74   -999  253.00  252.00       206.04    20.6   4359
   39   39.00    0.00154    2.13E-4 0.0364     -999   25.74   -999  253.00  252.00       206.41    20.6   4601
   40   40.00    0.00152    2.22E-4 0.0364     -999   25.74   -999  253.00  252.00        206.8    20.6   4845
   41   41.00    0.00125    2.18E-4 0.0364     -999   25.74   -999  253.00  252.00       207.07    20.6   5087
   42   42.00    6.94E-4    2.06E-4 0.0364     -999   25.74   -999  253.00  252.00       207.13    20.6   5335
   43   43.00    3.24E-4    2.11E-4 0.0364     -999   25.74   -999  253.00  252.00       207.14    20.6   5589
   44   44.00    3.26E-4    2.54E-4 0.0364     -999   25.74   -999  253.00  252.00        207.3    20.6   5857
   45   45.00    6.57E-4    2.45E-4 0.0364     -999   25.74   -999  253.00  252.00       207.49    20.6   6135
   46   46.00    5.09E-4    2.11E-4 0.0364     -999   25.74   -999  253.00  252.00       207.65    20.6   6401
   47   47.00   -2.26E-6    2.13E-4 0.0364     -999   25.74   -999  253.00  252.00       207.61    20.6   6689
   48   48.00   -3.01E-4    2.13E-4 0.0364     -999   25.74   -999  253.00  252.00       207.59    20.6   6973
   49   49.00   -2.60E-4    2.26E-4 0.0364     -999   25.74   -999  253.00  252.00       207.62    20.6   7271
   50   50.00    6.83E-5    2.22E-4 0.0364     -999   25.74   -999  253.00  252.00       207.72    20.6   7573
   51   51.00    3.03E-4    1.87E-4 0.0364     -999   25.74   -999  253.00  252.00       207.74    20.6   7873
   52   52.00    6.79E-5    1.94E-4 0.0364     -999   25.74   -999  253.00  252.00       207.69    20.6   8193
   53   53.00   -2.40E-4    1.98E-4 0.0364     -999   25.74   -999  253.00  252.00       207.59    20.6   8503
   54   54.00   -3.06E-4    1.99E-4 0.0364     -999   25.74   -999  253.00  252.00       207.54    20.6   8827
   55   55.00   -8.18E-5    2.04E-4 0.0364     -999   25.74   -999  253.00  252.00       207.62    20.6   9163
   56   56.00    5.03E-4    1.96E-4 0.0364     -999   25.74   -999  253.00  252.00       207.76    20.6   9489
   57   57.00    3.73E-4    1.98E-4 0.0364     -999   25.74   -999  253.00  252.00       207.86    20.6   9833
   58   58.00    1.11E-4    1.92E-4 0.0364     -999   25.74   -999  253.00  252.00       207.85    20.6  10181
   59   59.00   -3.02E-5    2.18E-4 0.0364     -999   25.74   -999  253.00  252.00       207.76    20.6  10537
   60   60.00    7.90E-7    2.28E-4 0.0364     -999   25.74   -999  253.00  252.00       207.81    20.6  10911
   61   61.00    2.56E-4    1.88E-4 0.0364     -999   25.74   -999  253.00  252.00       208.02    20.6  11271
   62   62.00    3.71E-4    2.02E-4 0.0364     -999   25.74   -999  253.00  252.00       207.87    20.6  11643
   63   63.00   -2.13E-5    1.77E-4 0.0364     -999   25.74   -999  253.00  252.00       207.78    20.6  12015
   64   64.00   -1.77E-4    1.77E-4 0.0364     -999   25.74   -999  253.00  252.00       207.88    20.6  12405
   65   65.00    6.00E-6    1.89E-4 0.0364     -999   25.74   -999  253.00  252.00       208.03    20.6  12787
   66   66.00    7.57E-5    1.89E-4 0.0364     -999   25.74   -999  253.00  252.00       208.04    20.6  13187
   67   67.00    4.92E-4    1.78E-4 0.0364     -999   25.74   -999  253.00  252.00        208.2    20.6  13591
   68   68.00    4.26E-4    1.74E-4 0.0364     -999   25.74   -999  253.00  252.00       208.31    20.6  13987
   69   69.00    1.13E-4    1.71E-4 0.0364     -999   25.74   -999  253.00  252.00       208.22    20.6  14417
   70   70.00   -8.84E-5    1.65E-4 0.0364     -999   25.74   -999  253.00  252.00       208.21    20.6  14831
   71   71.00    7.29E-5    1.59E-4 0.0364     -999   25.74   -999  253.00  252.00       208.35    20.6  15259
   72   72.00    1.05E-4    1.57E-4 0.0364     -999   25.74   -999  253.00  252.00       208.39    20.6  15701
   73   73.00    4.03E-5    1.75E-4 0.0364     -999   25.74   -999  253.00  252.00       208.32    20.6  16127
   74   74.00    2.74E-4    1.77E-4 0.0364     -999   25.74   -999  253.00  252.00       208.35    20.6  16585
   75   75.00   -7.58E-6    1.85E-4 0.0364     -999   25.74   -999  253.00  252.00        208.4    20.6  17031
   76   76.00   -3.25E-4    1.80E-4 0.0364     -999   25.74   -999  253.00  252.00       208.28    20.6  17481
   77   77.00   -1.69E-4    1.76E-4 0.0364     -999   25.74   -999  253.00  252.00       208.08    20.6  17949
   78   78.00    1.83E-4    1.71E-4 0.0364     -999   25.74   -999  253.00  252.00       208.23    20.6  18419
   79   79.00    7.65E-5    1.68E-4 0.0364     -999   25.74   -999  253.00  252.00       208.41    20.6  18903
   80   80.00   -4.43E-5    1.67E-4 0.0364     -999   25.74   -999  253.00  252.00       208.54    20.6  19379
   81   81.00    3.06E-5    1.74E-4 0.0364     -999   25.74   -999  253.00  252.00       208.49    20.6  19863
   82   82.00   -2.75E-5    1.93E-4 0.0364     -999   25.74   -999  253.00  252.00       208.45    20.6  20365
   83   83.00   -2.04E-4    1.78E-4 0.0364     -999   25.74   -999  253.00  252.00       208.34    20.6  20859
   84   84.00   -1.85E-4    1.56E-4 0.0364     -999   25.74   -999  253.00  252.00       208.22    20.6  21355
   85   85.00   -2.19E-4    1.63E-4 0.0364     -999   25.74   -999  253.00  252.00       207.94    20.6  21879
   86   86.00   -5.18E-4    1.78E-4 0.0364     -999   25.74   -999  253.00  252.00       207.55    20.6  22397
   87   87.00   -5.81E-4    1.71E-4 0.0364     -999   25.74   -999  253.00  252.00       207.23    20.6  22925
   88   88.00   -4.62E-4    1.41E-4 0.0364     -999   25.74   -999  253.00  252.00       206.98    20.6  23453
   89   89.00   -5.77E-4    1.42E-4 0.0364     -999   25.74   -999  253.00  252.00       206.71    20.6  23991
   90   90.00   -6.48E-4    1.45E-4 0.0364     -999   25.74   -999  253.00  252.00       206.56    20.6  24539
   91   91.00   -5.08E-4    1.47E-4 0.0364     -999   25.74   -999  253.00  252.00        206.3    20.6  25083
   92   92.00   -4.00E-4    1.52E-4 0.0364     -999   25.74   -999  253.00  252.00       205.89    20.6  25623
   93   93.00   -2.43E-4    1.54E-4 0.0364     -999   25.74   -999  253.00  252.00       205.58    20.6  26193
   94   94.00   -3.53E-4    1.41E-4 0.0364     -999   25.74   -999  253.00  252.00       205.38    20.6  26761
   95   95.00   -3.56E-4    1.50E-4 0.0364     -999   25.74   -999  253.00  252.00       205.27    20.6  27327
   96   96.00   -3.51E-4    1.53E-4 0.0364     -999   25.74   -999  253.00  252.00       205.28    20.6  27905
   97   97.00   -3.28E-4    1.54E-4 0.0364     -999   25.74   -999  253.00  252.00       205.38    20.6  28479
   98   98.00    5.81E-5    1.52E-4 0.0364     -999   25.74   -999  253.00  252.00       205.51    20.6  29087
   99   99.00    3.27E-4    1.40E-4 0.0364     -999   25.74   -999  253.00  252.00       205.75    20.6  29687
  100  100.00    2.62E-4    1.41E-4 0.0364     -999   25.74   -999  253.00  252.00       205.79    20.6  30275
  101  101.00    9.59E-5    1.49E-4 0.0364     -999   25.74   -999  253.00  252.00       205.78    20.6  30885
  102  102.00    2.39E-4    1.54E-4 0.0364     -999   25.74   -999  253.00  252.00       205.86    20.6  31483
  103  103.00    1.31E-4    1.44E-4 0.0364     -999   25.74   -999  253.00  252.00       205.88    20.6  32111
  104  104.00   -7.49E-5    1.44E-4 0.0364     -999   25.74   -999  253.00  252.00        205.8    20.6  32747
  105  105.00   -2.05E-4    1.47E-4 0.0364     -999   25.74   -999  253.00  252.00       205.62    20.6  33371
  106  106.00   -4.88E-4    1.41E-4 0.0364     -999   25.74   -999  253.00  252.00        205.5    20.6  34007
  107  107.00   -3.10E-4    1.42E-4 0.0364     -999   25.74   -999  253.00  252.00       205.24    20.6  34661
  108  108.00   -7.15E-5    1.33E-4 0.0364     -999   25.74   -999  253.00  252.00       205.16    20.6  35313
  109  109.00    1.71E-4    1.35E-4 0.0364     -999   25.74   -999  253.00  252.00       205.18    20.6  35973
  110  110.00    1.41E-4    1.35E-4 0.0364     -999   25.74   -999  253.00  252.00       205.35    20.6  36623
  111  111.00    9.38E-5    1.34E-4 0.0364     -999   25.74   -999  253.00  252.00       205.58    20.6  37295
  112  112.00   -4.90E-5    1.37E-4 0.0364     -999   25.74   -999  253.00  252.00       205.59    20.6  37975
  113  113.00   -2.40E-4    1.43E-4 0.0364     -999   25.74   -999  253.00  252.00       205.49    20.6  38667
  114  114.00   -1.34E-5    1.45E-4 0.0364     -999   25.74   -999  253.00  252.00       205.35    20.6  39339
  115  115.00    1.69E-5    1.31E-4 0.0364     -999   25.74   -999  253.00  252.00       205.32    20.6  40045
  116  116.00   -1.26E-4    1.28E-4 0.0364     -999   25.74   -999  253.00  252.00        205.4    20.6  40743
  117  117.00    1.19E-4    1.34E-4 0.0364     -999   25.74   -999  253.00  252.00       205.33    20.6  41449
  118  118.00    1.27E-4    1.36E-4 0.0364     -999   25.74   -999  253.00  252.00       205.33    20.6  42165
  119  119.00   -1.13E-5    1.31E-4 0.0364     -999   25.74   -999  253.00  252.00       205.37    20.6  42879
  120  120.00   -8.43E-5    1.39E-4 0.0364     -999   25.74   -999  253.00  252.00       205.54    20.6  43611
  121  121.00   -6.74E-5    1.35E-4 0.0364     -999   25.74   -999  253.00  252.00       205.34    20.6  44327
  122  122.00    1.55E-4    1.28E-4 0.0364     -999   25.74   -999  253.00  252.00       205.27    20.6  45055
  123  123.00    2.68E-4    1.24E-4 0.0364     -999   25.74   -999  253.00  252.00       205.36    20.6  45821
  124  124.00    6.67E-6    1.30E-4 0.0364     -999   25.74   -999  253.00  252.00       205.73    20.6  46551
  125  125.00   -6.64E-5    1.28E-4 0.0364     -999   25.74   -999  253.00  252.00         206.    20.6  47311
  126  126.00    1.92E-4    1.27E-4 0.0364     -999   25.74   -999  253.00  252.00       206.22    20.6  48075
  127  127.00    4.16E-4    1.34E-4 0.0364     -999   25.74   -999  253.00  252.00       206.36    20.6  48825
  128  128.00    3.23E-4    1.36E-4 0.0364     -999   25.74   -999  253.00  252.00       206.48    20.6  49625
  129  129.00    1.26E-4    1.34E-4 0.0364     -999   25.74   -999  253.00  252.00       206.59    20.6  50389
  130  130.00    3.49E-4    1.36E-4 0.0364     -999   25.74   -999  253.00  252.00       207.06    20.6  51161
  131  131.00    3.57E-4    1.32E-4 0.0364     -999   25.74   -999  253.00  252.00       207.36    20.6  51963
  132  132.00    3.91E-4    1.34E-4 0.0364     -999   25.74   -999  253.00  252.00       207.71    20.6  52753
  133  133.00    4.48E-4    1.30E-4 0.0364     -999   25.74   -999  253.00  252.00       207.92    20.6  53559
  134  134.00    2.95E-4    1.27E-4 0.0364     -999   25.74   -999  253.00  252.00       208.11    20.6  54359
  135  135.00    1.62E-5    1.30E-4 0.0364     -999   25.74   -999  253.00  252.00       208.18    20.6  55159
  136  136.00   -3.22E-5    1.25E-4 0.0364     -999   25.74   -999  253.00  252.00        208.1    20.6  55977
  137  137.00    1.98E-4    1.22E-4 0.0364     -999   25.74   -999  253.00  252.00        208.2    20.6  56811
  138  138.00    2.79E-4    1.27E-4 0.0364     -999   25.74   -999  253.00  252.00        208.6    20.6  57643
  139  139.00    5.74E-5    1.24E-4 0.0364     -999   25.74   -999  253.00  252.00       208.93    20.6  58483
  140  140.00   -3.98E-5    1.23E-4 0.0364     -999   25.74   -999  253.00  252.00       209.32    20.6  59323
  141  141.00    1.15E-4    1.14E-4 0.0364     -999   25.74   -999  253.00  252.00       209.58    20.6  60167
  142  142.00    4.09E-4    1.12E-4 0.0364     -999   25.74   -999  253.00  252.00       209.52    20.6  61035
  143  143.00    4.18E-4    1.18E-4 0.0364     -999   25.74   -999  253.00  252.00       209.68    20.6  61891
  144  144.00    2.13E-4    1.29E-4 0.0364     -999   25.74   -999  253.00  252.00       209.82    20.6  62755
  145  145.00    2.19E-4    1.30E-4 0.0364     -999   25.74   -999  253.00  252.00       210.17    20.6  63651
  146  146.00    2.75E-4    1.23E-4 0.0364     -999   25.74   -999  253.00  252.00       210.31    20.6  64521
  147  147.00    2.64E-4    1.18E-4 0.0364     -999   25.74   -999  253.00  252.00       210.49    20.6  65411
  148  148.00    2.80E-4    1.12E-4 0.0364     -999   25.74   -999  253.00  252.00       210.64    20.6  66293
  149  149.00    3.61E-4    1.13E-4 0.0364     -999   25.74   -999  253.00  252.00       210.88    20.6  67183
  150  150.00    3.19E-4    1.17E-4 0.0364     -999   25.74   -999  253.00  252.00       211.24    20.6  68117
